50
7
20
100x1 3779839x3 2005927x13 370954x15 7132612x16 1367566x17 1002501x19
89239411 151256014 123147090 120645345 188134131 148391971 66877334 118175473 124652454 127491281 78992204 71766341 45351453 102268043 74795828 154397049 90853422 64075336 173444824 51928062
100x1 6248800x3 3484908x5 1993752x7 966259x11 3100346x17 9820859x20
254716724 4939069 70974376 208311662 846254 147050260 302383866 110237112 254185936 261313290 15074935 287633741 301275587 166578767 98294048 276728151 195514121 95625221 106327107 277175771
100x1 5058805x6 2069733x7 4303109x9 2945644x13 1724360x15 4371972x19
30310109 200690950 48634452 167252370 3721616 95144899 141967602 116067877 7041759 149292844 103731786 104355837 168735278 123131921 150280082 76411008 111801530 145617718 99159998 104224311
100x1 9983748x2 7638262x3 2690847x9 6306372x12 96223x17 3287953x18
78342974 131126138 28118105 120403521 13840860 24479966 156993031 167405733 129232591 56133849 60141586 34241806 33039820 172250734 133578836 127700326 38806117 179968931 137324265 18484242
100x1 5106371x3 324822x6 1211730x9 8619725x10 5860080x13 9771070x15
215304893 38595559 140694404 170736365 307925136 318252498 125529087 110360280 8577948 231922295 136642768 82215589 204092779 5186727 292824271 38068881 307866500 198792954 30325623 307482939
100x1 6379846x3 7872045x13 7832127x15 3736699x16 3599735x17 316624x18
105046453 83173798 550763 55670340 314522453 186355206 113655143 108586203 26795319 84552099 105988937 321701692 239312946 164349172 148875236 302212875 25479921 22733256 329278684 261816701
100x1 3134589x8 4917880x14 1172827x16 6154859x17 4920115x18 8537429x19
58936569 264146377 70073939 107164947 268089335 394955395 77370407 230278614 227998107 402891890 230259851 290156702 75531522 224587507 238309393 409276609 89673402 256762755 53562772 206541885
100x1 5858671x3 3613357x8 1629136x10 1909397x12 3563795x14 8225039x20
165391805 42586441 40955749 138006934 1075237 246114997 81646622 94896523 60674966 167739395 273670293 41376689 76562117 29718799 1348952 103636206 46748889 61923911 269467894 226148615
100x1 1585759x3 7151767x7 8880619x10 8325279x16 4097416x17 1606201x18
200135430 318183248 364122798 238711235 71116393 118800740 120686773 233815974 104395769 4830771 178302462 141721114 49580149 364488322 123491277 131634829 54167767 338276314 208204591 360059843
100x1 8164582x3 6652864x4 153119x7 865972x14 3404857x15 2694187x16
85348084 132424357 25170304 145257649 97069676 149831980 130965787 57053173 141402040 14854698 23169235 119213718 117421144 79180253 144858621 135719533 103421301 38120691 50682974 108824577
100x1 9901538x3 4252043x5 9828038x10 3609209x11 3824206x13 9244588x18
247482645 57668765 386624196 19168197 31626822 142539232 314980728 329258212 148575854 354921099 365887869 389946155 366797273 8740808 118592794 396589173 23727625 302004529 39030053 232243335
100x1 2670271x8 8474803x9 3861546x12 7747070x17 2714261x19 5420891x20
191264284 396613218 310724002 371403769 189677502 58608007 222342140 134289064 110103035 355260687 363792391 90931407 169519293 218394276 97080281 107039296 213305954 299372604 22748605 422074101
100x1 3489578x2 203570x5 4943183x7 2475147x9 9282899x17 3461382x19
240300233 185196914 160447014 159734834 79710235 183011491 249257569 5347984 211674973 202506377 26501650 34112262 58572312 5584544 229122650 170926918 51898202 153237167 210477158 233259161
100x1 9966858x3 4778051x6 9792833x7 2101587x14 4936262x16 2763305x18
84100416 82249978 205154572 280754485 93660873 265978171 61708527 117623034 258605256 180298740 236265008 189057838 8884098 91388232 192463212 210767527 12200392 244562509 74704731 9646177
100x1 5913320x4 4664395x6 4965028x10 5661568x14 6638860x16 7812607x17
398774347 196443889 228582192 202689606 216257286 93555993 181769546 116795585 312223933 223537233 29530518 312037594 162696234 81097790 187169465 163814091 42084183 418453962 227163184 319377556
100x1 8946576x5 5951930x7 3649089x13 7506120x16 4945277x19 7933839x20
162663280 281202427 19194084 444603456 225496816 375875716 13263664 127079107 401791122 47448704 472647695 162607189 488244672 398623792 8272869 471789375 175863869 107911849 360582035 482552154
100x1 8734673x2 8369084x5 7753207x8 9298865x10 1055155x19 8208265x20
378801432 187905913 18425067 284667317 191319190 291849476 95846981 82328610 335710436 160738908 239064484 298623373 206878934 277770387 169330372 190745280 335330352 179505352 86683568 118712092
100x1 5622339x7 8809906x8 1224804x10 9904229x11 4632717x13 9191223x20
257295096 454863672 94415195 370362853 379490575 83384753 263907198 93251858 82352534 298142909 294528168 152039103 209216246 173885638 158244545 456422118 22665224 367397910 366014321 138669570
100x1 5264664x2 3105949x3 7506201x4 3997164x6 1513725x7 8333533x11
7571863 109714366 143168283 175149931 124971664 110503628 8930863 163809084 166327410 85745840 148414404 75454722 157798568 132007657 63563595 97777250 154883980 8228602 131697868 101165345
100x1 722464x2 8279477x5 5003924x6 5067556x13 3931091x16 4448728x17
42865113 259019803 205473040 25113249 27424981 147300780 114872207 163439030 256847142 186592521 51328925 151217423 91356510 249092259 271080319 241628837 190462489 180542310 36166463 120762272
100x1 4368581x3 1099435x4 875158x10 1952075x12 8011162x13 3231053x20
97101646 18356585 207708211 113071568 192984772 100953956 72786895 109132110 30427935 92382724 211111600 193700903 124329910 112856484 155937710 65600588 159148314 188159469 215009410 120713365
100x1 3051585x4 3465511x7 7966437x8 6294119x10 7490382x11 4739769x18
186658296 13928459 180405643 42215042 122797934 202901475 32494814 205831225 91946301 320880943 36396127 138754093 302785919 254974556 299051768 197361591 196977703 270880830 60821950 178614770
100x1 3123945x2 1932494x3 3461682x5 8329650x16 7465469x18 6737875x19
117009974 277767825 387399718 161748289 353330795 63986497 356312290 75744355 335390786 395597449 343252587 382393823 147596694 13437343 385693997 128674104 52833391 291300695 218214165 57962088
100x1 2094825x3 3205567x7 4034579x11 7150237x14 6404101x15 9998043x19
42651722 118781169 38262187 180344885 431255444 177155563 105058331 225324474 15214343 153967601 421416219 247148515 443130767 37158176 186054890 58523553 329991175 188267141 178091595 325090903
100x1 5789854x7 452416x8 7330392x12 1600266x15 9206746x16 3858757x18
124617663 50029866 323157226 206653069 174000598 74420885 166068675 332460518 237590718 176419166 208027857 224857070 269097125 1445412 196827068 15637920 151033481 219309389 369539153 184299780
100x1 2547141x5 5526111x7 813508x9 4806977x10 9410807x14 7910768x18
285452982 144357346 68928072 29809139 58962090 132585023 309799391 348946594 231040933 1381683 11474238 313740229 138763975 267914296 125325848 225585916 235016283 119996748 4621428 187426579
100x1 2584285x3 7557682x4 8090832x11 6211338x15 9579341x16 7388305x20
115434817 490701087 100815302 342679813 120053013 310641856 136585640 9737178 203363954 387377827 434641776 92284826 206566822 282311858 288675649 135378844 418552090 297874980 64860854 104137063
100x1 5488363x3 5088786x4 1836619x5 4376415x7 4076999x8 7453860x14
15101973 12661821 127973352 179847394 152975314 86581307 149757609 11731427 129692155 175851797 93703525 167979388 166695424 165033946 60590518 28295766 200044132 65798539 157240059 125919515
100x1 6997468x2 6750381x7 2525602x8 1992839x10 8972744x16 5357446x17
103892928 63721160 212459026 228088068 21062296 178148994 282571233 93032297 283921849 254447163 147927466 333618380 262017387 154336024 63832374 258559289 183946873 270374882 191814282 213075291
100x1 5651820x4 578143x5 224110x7 8257126x13 9596546x16 5713350x20
42120429 85452005 230513698 354615626 303044726 79305537 333683884 70740340 139541119 266948121 105637964 212894775 157106894 280240249 352863719 1263719 220696694 65119421 54450385 37873349
100x1 9086836x2 8147400x6 7010622x7 6972068x10 4550581x11 7373715x20
223778428 368071227 316741908 145637503 112092123 319785935 145807923 177423827 214963579 266746886 248659921 313116428 279798580 309951410 27513803 309383593 78664223 5042325 19458301 46899526
100x1 8753459x4 9314232x7 403667x10 9326608x13 9622469x16 9728908x19
473471691 481010493 241183314 542156703 49589299 310952682 541644086 264672892 547024456 385810505 4634071 502340576 550429856 204326986 494232173 218349898 270516825 351329893 380722861 28983956
100x1 8458892x2 6779812x7 9961510x11 2997792x14 2040995x16 3780610x17
96043880 89204090 228957315 164324948 189810619 292503739 71514734 190093014 289869485 114025283 97039466 212826044 32490836 77878584 64396902 275748912 201555009 243735010 297254746 216427318
100x1 8865569x2 712032x5 1529432x10 9795052x13 7843138x14 6394449x19
152392338 158870342 277473791 87116645 205340753 97346570 145514200 67287085 179577533 316566975 177641553 207729790 159474489 142404395 323743603 272764178 162890021 226326700 347172318 235501266
100x1 235220x5 7783455x9 8559369x11 4551669x16 2887918x17 606618x20
102210443 149485481 12082479 226102291 69959773 186335986 169572059 261645631 70796130 41516078 290430829 165129936 87895760 233052880 109845305 258339287 42578146 182314309 223859592 42003296
100x1 5569082x2 4046310x5 1473822x7 9818792x9 4029788x18 4571690x20
126323725 128248247 83781483 42302678 119130694 88467976 159496149 116610770 284841707 71304574 102708532 81939039 187839162 105456468 237018 172391296 42989698 169056050 253249381 78747184
100x1 3051199x5 615555x6 4347400x7 5328733x9 6262104x11 9912500x13
23012122 84780456 96303821 33766162 41620778 112161424 149134142 86779082 165884444 14164589 139775366 24438918 200568949 129529317 211746656 24038886 238031799 291124952 151549651 132554953
100x1 450803x3 1460514x7 8821234x8 7920360x17 4414592x18 2529740x20
302485869 129070770 4864562 281610280 318143501 135760228 247892315 116042733 30604036 60089410 319397285 334769392 134387409 269617275 112258827 281402122 239416977 38034538 121809967 101157465
100x1 1047329x2 2495389x6 7746775x7 7397654x12 6380538x15 209483x16
124244242 220401105 88604870 103445677 113344832 257476319 61305308 43619844 163474018 161532337 65523599 9699996 252432102 210969653 153592113 225654894 193617260 131964680 3325015 220050555
100x1 8776076x5 1386151x8 2502836x14 4242296x16 6935009x18 2410082x19
319511557 189309301 4782135 96785467 280073436 39072945 202974132 242848596 84605998 180896100 120008650 270963268 74628637 249834885 247101606 153692652 138095686 317711615 313837163 171201139
100x1 544398x3 34935x6 2582832x10 6309417x13 7417316x15 3779733x19
218087688 184295038 150907680 240958082 254587955 211831175 172818220 203112451 201012051 143877979 113122413 111118739 18686820 119191950 122919703 208639520 205399158 36175263 256289339 177311141
100x1 4649545x3 2661876x4 4151352x7 2225648x10 8541699x16 8513385x18
195910990 25155456 20974022 180238449 362991017 79324820 231593145 70271182 339163772 291229632 315101693 177006328 299349041 20527243 78336249 68287749 111468775 54823823 86963021 104469061
100x1 9554955x2 247386x3 1225666x7 9687699x9 3423658x12 5416764x19
91606914 125071712 40976918 169002797 4049 16944346 203577999 250330526 240047026 86044302 20563252 76459328 216829436 89129784 246266526 178314684 81215294 70349958 90211545 96080103
100x1 8004329x6 1350290x7 7897864x8 5181599x9 146848x10 1366422x19
26390331 64395588 80748392 127666866 155451881 171383413 171180270 191599970 152276587 65227851 170008422 5793298 159683595 48394703 137425021 65230549 161388104 89803109 417001 33644354
100x1 4131160x7 525219x8 5771298x10 3326827x14 1771084x19 2901725x20
56693791 104191950 23852218 183462156 131632514 179270970 83511876 87072643 82129686 96274921 61970690 37703560 92718441 20451427 31235615 156209228 132159468 6853866 25197177 133888018
100x1 7504264x7 1186198x11 4513215x13 4304999x15 1856976x19 9786249x20
357385488 294370542 48408264 1568179 74305364 347734159 105116427 128560834 192727426 218098943 95707109 320964070 15083929 89138044 282336622 345951541 209908665 106987595 316635060 255669847
100x1 3573321x9 8753301x10 998496x11 8283483x14 3785954x17 7334348x18
184317047 30390718 331993820 328084594 296884625 380516301 138231669 71518883 3238812 116984041 314507466 68804413 421232456 253895878 151761227 180682580 377265201 277280657 273960977 366628969
100x1 1590553x5 31821x6 3040243x7 306704x11 8349543x19 2818683x20
137650335 10464632 45393442 118022750 199169534 18198346 74025015 161136210 151043992 207539959 6973083 103399364 122358124 76935585 64933363 7217443 106954231 33837228 66739704 127251852
100x1 6783913x6 8601463x9 3894016x12 8454923x13 2790583x14 5162281x20
126460195 326163831 164876781 159329666 386326006 334229746 382060712 111869878 96008842 350208036 90018861 75281463 219356391 171798206 379354420 304788790 345640776 158992297 349164921 368168661
100x1 432157x3 572392x4 9090625x7 358448x10 3976297x17 4538703x20
156268883 25129779 82250703 43040711 134200580 140822852 88887524 161903250 15712666 213389457 71935064 179933889 226350842 142136872 119064095 91488995 140363976 168810810 180088372 16806253
