50
7
20
100x1 9705951x4 3238796x7 1906754x13 5413560x14 5550838x16 9070821x20
87076397 49553325 305365088 409667093 17414772 275563969 285301500 305753450 411443924 218563203 177653800 194269306 420746324 308299410 380367419 25305697 369927316 117405297 22820762 233818293
100x1 7371639x3 3907454x7 4091525x9 1924765x11 5589739x12 7141718x15
21796564 225869115 190494456 239144737 94075549 246052074 142589686 66442538 126892851 104202315 86882188 229528059 199869381 198510148 133467788 175617002 160568606 280923443 89767028 257905473
100x1 7259665x5 9862823x9 6136743x11 9427400x14 4528298x19 58206x20
151664207 329533974 70155055 63890777 204052461 127159000 279867840 136395205 292689871 130402868 116313703 28575231 178146985 234794205 359166230 388396294 401293777 101067735 221040681 54216642
100x1 62579x6 252451x9 2779322x13 348864x17 1794449x19 1502165x20
12117807 12754277 75251608 84986193 78328804 99215420 1556665 70344576 6065086 33849748 43238930 82613453 104056565 47668210 33390560 44149554 22437272 57660640 56460690 79116926
100x1 9793250x2 2359353x5 1505629x7 3897534x13 1996296x15 8005233x18
81425937 145172093 21035005 220146751 168560585 118945459 56215259 228971779 44072331 155455702 229403459 148744576 120238065 36373318 57905088 178292299 258572569 83911991 214905956 164695102
100x1 8532407x4 4418774x10 3114322x13 9300923x14 8648460x15 2893491x17
162066897 202586260 246309204 44823400 153350245 282895421 349632470 36591394 201715014 7012392 244377722 267801450 244718866 330056549 399008554 294995915 184450803 192461901 139875786 303774366
100x1 8434474x2 3167777x11 1873495x12 8211385x16 5294512x17 939993x18
61154773 307903885 141794530 57435036 215411795 149518429 18180568 110303728 112234760 10000768 184392172 256504248 282267917 104699940 139354075 72717006 90141453 276897793 184868051 254385606
100x1 3360022x4 6456645x5 2491362x7 8269651x8 6184763x16 3606903x20
268675770 263346353 85933412 63249877 35845422 280339236 73745087 43224936 72893173 244815867 145739931 34531414 181074922 82340129 145913241 72026088 124422030 237322283 139327043 167022717
100x1 1379941x3 5524165x5 7825249x8 1909866x9 8529930x12 8559515x20
16938010 32552789 265291174 306694293 275244723 61209743 300406566 187978285 318641317 237998525 315268690 76734214 44903460 302298416 60283091 36141991 236409132 304568779 82697622 278293728
100x1 9481612x2 8100182x4 8330347x7 2484909x11 4824243x14 8055633x15
117690260 74365545 140976272 67823052 45572381 308329552 288196346 226408094 275866871 13081726 86588714 122702683 233533637 171400605 223000855 278084948 26581427 202895363 73722128 190218466
100x1 2313309x5 9348303x12 8567426x14 6646119x16 5301429x18 8347555x20
156314388 42890938 4203197 27223654 566090089 453548679 261906301 372704924 300370783 532023934 353128042 424115632 204156088 537423172 107435513 215442795 313307232 354567731 7894548 232615755
100x1 5719941x6 4331869x12 4973203x14 5222622x15 8091018x16 3585260x18
31681095 253488728 301777475 369913964 152885925 91074957 298903002 412717600 312565119 366179948 103802543 406764017 396718459 93574407 406917736 20614728 243057514 265117989 382787512 229084984
100x1 3147329x3 9876307x9 9014474x10 8541022x11 1307278x12 143310x15
235942929 24957717 167037648 14011698 197537237 265628578 18801545 191261272 268924704 5814682 24125141 200269361 125602668 130629912 130787210 184265397 140504306 274993007 295513109 99636384
100x1 2270452x2 781582x9 9999314x12 3030842x13 1078380x17 5708659x19
261515099 113339738 25474041 175830238 172966736 196564318 233511787 209448620 70464914 177459203 15635650 225515874 79815869 275948903 242463326 132943414 19645312 227181794 265068684 254900997
100x1 9330216x5 6366587x7 3318851x11 5234412x12 5945372x18 9897091x19
421494864 418067963 432149766 321334302 423940616 60026165 436705867 72492886 181915522 143074260 140080574 314562477 111400059 446848673 17524492 107791075 218662448 247828661 323103619 204713223
100x1 4669843x3 4709532x4 7504952x10 7595195x11 4722751x16 7039887x17
315071148 74369543 149972528 172498129 115897088 215187923 124874203 145811163 321241087 159751674 49114065 231254476 374654786 158329238 386405386 174531403 109456127 75219190 320462707 114117254
100x1 7635548x2 5453003x5 3841190x10 4700292x11 6283942x14 7494088x17
217802843 142055691 322376208 283953529 301581907 13341358 171012340 246880151 296569945 183129495 133836989 55874742 242009756 123683948 160247955 149761093 263821368 52060294 204985721 59853824
100x1 5478353x2 4659434x8 775248x9 962700x14 322102x16 3575259x18
89127158 102802788 132441800 47763149 110539186 134558705 80515808 77167414 101716500 85598520 73810598 113999941 50963986 74492339 65453553 66732652 130153459 92660212 45036737 73281123
100x1 928466x3 4138493x8 9707638x9 462713x11 4191033x12 5222482x13
87756294 229894506 168134262 45155894 199797930 173932292 144318358 191626765 91252412 169777496 63369089 99276824 60505006 169065618 21703697 244747863 30265419 14316430 59932199 184109469
100x1 3041131x3 4585712x6 203158x11 4505361x16 9283112x18 8012657x20
3465771 311586431 167750964 186388022 240679470 103215602 408993856 26045426 221782554 307200048 437487205 152371123 85969544 415380327 223549030 208659885 89406397 367604708 52516803 118893915
100x1 7178987x4 7387831x6 1308692x10 1295028x11 2504128x13 6898630x16
56682173 83583628 63268887 33527887 16447459 182150980 126904354 190389107 7573950 28205788 28200003 29578766 179929406 157891354 41101082 200142987 226021175 234116203 99623157 131969315
100x1 1785591x2 3349212x6 1788360x7 3910038x9 9041378x13 4598819x20
93286963 128726758 89908840 121380154 74391347 82577432 237359961 134930960 126198575 263380049 235648941 212772869 44085399 124812495 229024353 58191673 227610714 93718945 116682967 163865980
100x1 2575596x2 3023213x6 9274103x14 6199162x16 9053097x18 3849963x19
102512825 264379970 280842328 159204857 156517797 439247283 94292108 71756454 459027137 255179852 235163467 373829852 347397166 135303811 487233469 145615033 289348967 52870589 152997107 137242091
100x1 6171357x3 1281145x5 2282257x7 9682899x10 8116857x15 1534030x18
171254308 262391236 178556440 244612461 18549708 162162184 41219345 117474028 40026278 38815468 247488368 74800519 70570019 200599869 197749941 102960518 130701036 178738296 230575456 20826750
100x1 3013449x6 7701338x7 1407862x9 9003724x11 5689489x17 945034x20
260773857 231223324 178227607 83566457 287126056 132435570 90390026 61477177 113805475 70039828 37374734 288376562 173507410 234072400 238704248 29337823 98626442 100088492 17096822 114960487
100x1 393249x2 1169919x4 9868890x5 7882809x11 6533509x14 1047846x19
216863420 130483661 178110427 230270178 49781541 211029383 228909540 73242063 229488660 156653124 169821148 8264600 63551681 94694289 214746445 34897323 37169650 139934554 218529761 89136999
100x1 6352323x5 5781325x9 6029966x13 5509163x15 2388901x17 8975276x18
169304853 142485297 204123608 163278212 300946333 445155915 273290627 22605988 344610847 232016274 265883608 135272914 61972838 385049465 408466040 38273501 272201463 266512124 391506925 13948965
100x1 8461019x3 5067356x5 6602695x6 433288x7 8772515x11 3447843x18
122950375 123635412 231993012 209223079 234184153 6259293 188329662 176973590 168591041 3817830 18172122 49961012 46772958 181265280 248536112 28749830 62679562 2662027 5225471 247855974
100x1 2795933x2 3975867x6 7002932x7 2900397x12 4891919x15 3658475x16
122931452 235035099 1446823 85650308 225331182 155293277 162044681 59029789 6920955 77730284 135298599 97179965 39745831 211362573 24267759 6997085 151405331 63983869 5461856 139339823
100x1 5393959x2 819588x6 7951392x12 3934737x16 3917939x18 5127093x20
195381977 202077231 211514943 182309850 263612664 146780301 141666901 128093101 263696979 302905569 274310349 181108469 256598252 71487904 88799463 283702127 119292948 311662958 258225064 291672996
100x1 3172901x5 8162749x11 1885010x14 8808219x15 5357504x18 4989254x20
358139181 244299329 134989944 133232350 259446575 441426200 25020949 85670631 339046383 459242765 338452686 19410714 171754750 341858143 201765792 248264549 87201681 280051950 327987119 175759737
100x1 4812212x3 8526123x8 7752523x11 7523078x12 7985005x13 9431477x14
56952600 165710352 417546087 360223849 14510457 47311796 314050223 387044600 333557172 349951500 277740423 437452431 186788750 276882323 483375351 479371951 329805990 225699472 338176387 274959037
100x1 588053x2 4511357x4 7973836x10 3516050x11 5926738x14 1180193x20
161203778 206429523 208800366 219194865 121413190 144061391 23857966 109158326 40309841 35533244 58555873 13507382 48563435 31107263 30466918 120853574 217044211 20081567 212075727 68130127
100x1 479480x7 4148311x11 9976490x15 2563607x16 5161180x17 1543147x20
266156049 146418806 297386151 139148910 283042723 162273924 322285648 279163409 323880912 289279696 284353583 295054308 243965221 300567474 293783239 123788357 336623252 187708395 24133522 198953569
100x1 6638420x5 9183476x6 8914625x11 4466182x12 3256241x17 8398508x20
282378728 88415919 279311807 244218034 61220048 382714674 204002953 62518903 172922383 240324710 134864064 352858652 214285967 277529226 344805136 284617087 235725242 203836557 255808632 301169991
100x1 2992425x4 827712x5 5835124x6 2567638x10 5126053x17 7659089x18
163770760 192399535 218428709 187296624 108812235 188867525 137435483 51852013 113582039 137719294 774293 81421880 163549430 154439974 57164760 13196396 204367704 249825158 289502973 68009731
100x1 5619575x2 6710310x3 9216935x5 4040190x9 4165697x10 1007040x13
144579766 92365197 167930041 58276865 135462441 147375733 85168033 130308698 142404833 122397726 125611137 12559006 28834635 91998795 9978276 57014463 99961135 116388338 148424815 37588213
100x1 8075715x3 8392834x4 6048201x9 1877715x13 7822553x17 8513179x18
151257742 374972066 146957180 142509495 169294519 381626126 77508646 231127492 185596504 38558616 338698962 277613784 239028083 28367287 15690975 98375495 231601986 339645426 187881517 58063447
100x1 3370659x2 5065386x5 3302237x11 4294756x14 9508366x16 9095066x20
63194312 285410115 13893465 406377586 325708511 36122543 420277721 285334404 133484554 12219515 1959782 204265977 195920952 212524834 448437796 395978255 392267565 82220303 162336803 60986446
100x1 655999x2 510058x4 7975745x11 4533670x12 7604805x14 3137352x20
21944203 164196999 179865061 82462524 55297342 92475437 135492823 136809374 31420409 3527729 28679912 280096214 14924587 133729074 208895510 239582684 263007172 101219698 75115928 224067933
100x1 3711879x6 8527259x7 6350592x8 1629809x9 5949160x11 2531884x18
186389994 129940319 113873748 151376778 151506217 216277688 87877046 199874933 103200586 155221912 41707096 37271857 217122855 250349182 42395969 215068020 25320035 176336087 150793472 255088231
100x1 8792576x9 5103539x13 57180x14 7558332x15 6196893x16 6417286x17
172964964 328233418 232243773 439939131 95746087 44118296 235817282 45133314 428878472 357733819 369657029 425823328 156913254 260780529 252855286 53195740 383060253 205404736 263852222 6126712
100x1 122226x5 3704318x7 3298653x12 1277549x16 5637973x17 2863107x18
117483501 150249769 218614943 6967257 42392645 89398738 48205060 80022236 20778214 82461186 128090400 180906171 157865151 48419413 157144461 120107536 198787535 44631590 19554175 193082979
100x1 2132997x4 5134854x5 8644587x11 5138666x14 5189742x17 5016429x18
24173483 127318632 295026168 229328207 82688542 127808930 110816538 14382040 282004607 117052534 168184914 260670030 357606294 284783506 357337814 181843413 358896487 324530847 218243483 290697106
100x1 3753154x3 1930952x7 8474496x10 3370442x14 6461327x18 1814379x20
102716770 247040295 69781552 292320734 260327926 107119593 151889391 144874058 55016014 200198875 180214704 269634064 86760679 156212119 4441088 17385429 256260847 138282409 100286481 288958372
100x1 8590679x2 2012984x6 6534766x9 6951426x14 1592576x17 5401558x19
296270721 263679304 85970401 200024631 118118327 290955553 209359713 307969255 281488173 248291164 221198995 61590545 117615440 43594363 228101240 70188794 47870260 312916959 75024663 115665413
100x1 6691205x6 8031228x11 4971339x12 4135362x15 7509437x18 7925474x19
406235851 385621851 344603226 497420045 491012487 488185922 22538802 257283824 8554389 146382962 385163861 21486976 6694480 504055376 330028324 151782524 183191497 416792000 92561843 140283645
100x1 561999x2 2368197x7 5710986x11 988433x13 6087867x16 9627366x18
73041793 95222967 176507368 203240275 326831452 222607909 197346087 138275871 143731334 85306041 52810299 309386053 303398493 179583265 196263939 94003406 93622062 237794398 46208990 258975606
100x1 6092384x3 1590916x7 3136828x8 4439098x9 7653114x11 5159789x15
235996877 128342543 35767750 39032534 92355163 46979752 108146644 169294434 87751886 192716780 92461247 72804277 136241321 155071714 124817637 135399345 105335900 89949476 120772925 103457917
100x1 1487146x5 8467233x7 5420115x9 9728072x10 6507036x12 7727732x13
190689051 123343114 260642308 192521826 75349713 144848290 25981541 284264147 264936896 372875005 12670852 50703995 389214193 73046331 100374285 189810073 54624749 85640152 367179399 138647400
